/*--------------------------------*- C++ -*----------------------------------*\
| =========                 |                                                 |
| \\      /  F ield         | OpenFOAM: The Open Source CFD Toolbox           |
|  \\    /   O peration     | Version:  4.0                                   |
|   \\  /    A nd           | Web:      www.OpenFOAM.org                      |
|    \\/     M anipulation  |                                                 |
\*---------------------------------------------------------------------------*/
FoamFile
{
    version     2.0;
    format      ascii;
    class       regIOobject;
    location    "constant/polyMesh";
    object      faceZones;
}
// * * * * * * * * * * * * * * * * * * * * * * * * * * * * * * * * * * * * * //

3
(
rm_1rm_20MasterZone
{
    type faceZone;
faceLabels      List<label> 
1500
(
2
5
8
11
14
17
20
23
26
29
32
35
38
41
44
47
50
53
56
59
62
65
68
71
74
77
80
83
86
89
92
95
98
101
104
107
110
113
116
119
122
125
128
131
134
137
140
143
146
149
152
155
158
161
164
167
170
173
176
179
182
185
188
191
194
197
200
203
206
209
212
215
218
221
224
227
230
233
236
239
242
245
248
251
254
257
260
263
266
269
272
275
278
281
284
287
290
293
296
299
302
305
308
311
314
317
320
323
326
329
332
335
338
341
344
347
350
353
356
359
362
365
368
371
374
377
380
383
386
389
392
395
398
401
404
407
410
413
416
419
422
425
428
431
434
437
440
443
446
449
452
455
458
461
464
467
470
473
476
479
482
485
488
491
494
497
500
503
506
509
512
515
518
521
524
527
530
533
536
539
542
545
548
551
554
557
560
563
566
569
572
575
578
581
584
587
590
593
596
599
602
605
608
611
614
617
620
623
626
629
632
635
638
641
644
647
650
653
656
659
662
665
668
671
674
677
680
683
686
689
692
695
698
701
704
707
710
713
716
719
722
725
728
731
734
737
740
743
746
749
752
755
758
761
764
767
770
773
776
779
782
785
788
791
794
797
800
803
806
809
812
815
818
821
824
827
830
833
836
839
842
845
848
851
854
857
860
863
866
869
872
875
878
881
884
887
890
893
896
899
902
905
908
911
914
917
920
923
926
929
932
935
938
941
944
947
950
953
956
959
962
965
968
971
974
977
980
983
986
989
992
995
998
1001
1004
1007
1010
1013
1016
1019
1022
1025
1028
1031
1034
1037
1040
1043
1046
1049
1052
1055
1058
1061
1064
1067
1070
1073
1076
1079
1082
1085
1088
1091
1094
1097
1100
1103
1106
1109
1112
1115
1118
1121
1124
1127
1130
1133
1136
1139
1142
1145
1148
1151
1154
1157
1160
1163
1166
1169
1172
1175
1178
1181
1184
1187
1190
1193
1196
1199
1202
1205
1208
1211
1214
1217
1220
1223
1226
1229
1232
1235
1238
1241
1244
1247
1250
1253
1256
1259
1262
1265
1268
1271
1274
1277
1280
1283
1286
1289
1292
1295
1298
1301
1304
1307
1310
1313
1316
1319
1322
1325
1328
1331
1334
1337
1340
1343
1346
1349
1352
1355
1358
1361
1364
1367
1370
1373
1376
1379
1382
1385
1388
1391
1394
1397
1400
1403
1406
1409
1412
1415
1418
1421
1424
1427
1430
1433
1436
1439
1442
1445
1448
1451
1454
1457
1460
1463
1466
1469
1472
1475
1478
1481
1484
1487
1490
1493
1496
1499
1502
1505
1508
1511
1514
1517
1520
1523
1526
1529
1532
1535
1538
1541
1544
1547
1550
1553
1556
1559
1562
1565
1568
1571
1574
1577
1580
1583
1586
1589
1592
1595
1598
1601
1604
1607
1610
1613
1616
1619
1622
1625
1628
1631
1634
1637
1640
1643
1646
1649
1652
1655
1658
1661
1664
1667
1670
1673
1676
1679
1682
1685
1688
1691
1694
1697
1700
1703
1706
1709
1712
1715
1718
1721
1724
1727
1730
1733
1736
1739
1742
1745
1748
1751
1754
1757
1760
1763
1766
1769
1772
1775
1778
1781
1784
1787
1790
1793
1796
1799
1802
1805
1808
1811
1814
1817
1820
1823
1826
1829
1832
1835
1838
1841
1844
1847
1850
1853
1856
1859
1862
1865
1868
1871
1874
1877
1880
1883
1886
1889
1892
1895
1898
1901
1904
1907
1910
1913
1916
1919
1922
1925
1928
1931
1934
1937
1940
1943
1946
1949
1952
1955
1958
1961
1964
1967
1970
1973
1976
1979
1982
1985
1988
1991
1994
1997
2000
2003
2006
2009
2012
2015
2018
2021
2024
2027
2030
2033
2036
2039
2042
2045
2048
2051
2054
2057
2060
2063
2066
2069
2072
2075
2078
2081
2084
2087
2090
2093
2096
2099
2102
2105
2108
2111
2114
2117
2120
2123
2126
2129
2132
2135
2138
2141
2144
2147
2150
2153
2156
2159
2162
2165
2168
2171
2174
2177
2180
2183
2186
2189
2192
2195
2198
2201
2204
2207
2210
2213
2216
2219
2222
2225
2228
2231
2234
2237
2240
2243
2246
2248
523902
523904
523906
523908
523910
523912
523914
523916
523918
523920
523922
523924
523926
523928
523930
523932
523934
523936
523938
523940
523942
523944
523946
523948
523950
523952
523954
523956
523958
523960
523962
523964
523966
523968
523970
523972
523974
523976
523978
523980
523982
523984
523986
523988
523990
523992
523994
523996
523998
524000
524002
524004
524006
524008
524010
524012
524014
524016
524018
524020
524022
524024
524026
524028
524030
524032
524034
524036
524038
524040
524042
524044
524046
524048
524050
524052
524054
524056
524058
524060
524062
524064
524066
524068
524070
524072
524074
524076
524078
524080
524082
524084
524086
524088
524090
524092
524094
524096
524098
524100
524102
524104
524106
524108
524110
524112
524114
524116
524118
524120
524122
524124
524126
524128
524130
524132
524134
524136
524138
524140
524142
524144
524146
524148
524150
524152
524154
524156
524158
524160
524162
524164
524166
524168
524170
524172
524174
524176
524178
524180
524182
524184
524186
524188
524190
524192
524194
524196
524198
524200
524202
524204
524206
524208
524210
524212
524214
524216
524218
524220
524222
524224
524226
524228
524230
524232
524234
524236
524238
524240
524242
524244
524246
524248
524250
524252
524254
524256
524258
524260
524262
524264
524266
524268
524270
524272
524274
524276
524278
524280
524282
524284
524286
524288
524290
524292
524294
524296
524298
524300
524302
524304
524306
524308
524310
524312
524314
524316
524318
524320
524322
524324
524326
524328
524330
524332
524334
524336
524338
524340
524342
524344
524346
524348
524350
524352
524354
524356
524358
524360
524362
524364
524366
524368
524370
524372
524374
524376
524378
524380
524382
524384
524386
524388
524390
524392
524394
524396
524398
524400
524402
524404
524406
524408
524410
524412
524414
524416
524418
524420
524422
524424
524426
524428
524430
524432
524434
524436
524438
524440
524442
524444
524446
524448
524450
524452
524454
524456
524458
524460
524462
524464
524466
524468
524470
524472
524474
524476
524478
524480
524482
524484
524486
524488
524490
524492
524494
524496
524498
524500
524502
524504
524506
524508
524510
524512
524514
524516
524518
524520
524522
524524
524526
524528
524530
524532
524534
524536
524538
524540
524542
524544
524546
524548
524550
524552
524554
524556
524558
524560
524562
524564
524566
524568
524570
524572
524574
524576
524578
524580
524582
524584
524586
524588
524590
524592
524594
524596
524598
524600
524602
524604
524606
524608
524610
524612
524614
524616
524618
524620
524622
524624
524626
524628
524630
524632
524634
524636
524638
524640
524642
524644
524646
524648
524650
524652
524654
524656
524658
524660
524662
524664
524666
524668
524670
524672
524674
524676
524678
524680
524682
524684
524686
524688
524690
524692
524694
524696
524698
524700
524702
524704
524706
524708
524710
524712
524714
524716
524718
524720
524722
524724
524726
524728
524730
524732
524734
524736
524738
524740
524742
524744
524746
524748
524750
524752
524754
524756
524758
524760
524762
524764
524766
524768
524770
524772
524774
524776
524778
524780
524782
524784
524786
524788
524790
524792
524794
524796
524798
524800
524802
524804
524806
524808
524810
524812
524814
524816
524818
524820
524822
524824
524826
524828
524830
524832
524834
524836
524838
524840
524842
524844
524846
524848
524850
524852
524854
524856
524858
524860
524862
524864
524866
524868
524870
524872
524874
524876
524878
524880
524882
524884
524886
524888
524890
524892
524894
524896
524898
524900
524902
524904
524906
524908
524910
524912
524914
524916
524918
524920
524922
524924
524926
524928
524930
524932
524934
524936
524938
524940
524942
524944
524946
524948
524950
524952
524954
524956
524958
524960
524962
524964
524966
524968
524970
524972
524974
524976
524978
524980
524982
524984
524986
524988
524990
524992
524994
524996
524998
525000
525002
525004
525006
525008
525010
525012
525014
525016
525018
525020
525022
525024
525026
525028
525030
525032
525034
525036
525038
525040
525042
525044
525046
525048
525050
525052
525054
525056
525058
525060
525062
525064
525066
525068
525070
525072
525074
525076
525078
525080
525082
525084
525086
525088
525090
525092
525094
525096
525098
525100
525102
525104
525106
525108
525110
525112
525114
525116
525118
525120
525122
525124
525126
525128
525130
525132
525134
525136
525138
525140
525142
525144
525146
525148
525150
525152
525154
525156
525158
525160
525162
525164
525166
525168
525170
525172
525174
525176
525178
525180
525182
525184
525186
525188
525190
525192
525194
525196
525198
525200
525202
525204
525206
525208
525210
525212
525214
525216
525218
525220
525222
525224
525226
525228
525230
525232
525234
525236
525238
525240
525242
525244
525246
525248
525250
525252
525254
525256
525258
525260
525262
525264
525266
525268
525270
525272
525274
525276
525278
525280
525282
525284
525286
525288
525290
525292
525294
525296
525298
525300
525302
525304
525306
525308
525310
525312
525314
525316
525318
525320
525322
525324
525326
525328
525330
525332
525334
525336
525338
525340
525342
525344
525346
525348
525350
525352
525354
525356
525358
525360
525362
525364
525366
525368
525370
525372
525374
525376
525378
525380
525382
525384
525386
525388
525390
525392
525394
525396
525398
525399
)
;
flipMap         List<bool> 1500{0};
}

rm_1rm_20SlaveZone
{
    type faceZone;
faceLabels      0();
flipMap         0();
}

rm_1rm_20CutFaceZone
{
    type faceZone;
faceLabels      0();
flipMap         0();
}
)

// ************************************************************************* //
